70 69
26 25
83 82
49 50
70 69
70 69
35 34
78 77
32 33
32 33
32 33
70 69
27 24
17 49
49 50
67 66
34 10
17 9
70 69
20 21
22 21
67 66
23 22
83 82
16 8
22 21
53 90
29 30
53 61
32 33
40 41
35 34
68 65
37 38
70 69
75 74
36 37
86 78
83 82
22 21
70 69
2 1
15 14
32 33
70 69
70 69
44 45
66 65
22 21
44 45
70 69
9 33
70 69
70 69
32 33
27 25
70 69
46 45
21 22
75 74
55 54
4 1
32 33
6 7
79 78
30 29
27 25
32 33
70 69
41 42
30 29
46 45
27 24
70 69
17 29
70 69
70 69
49 50
67 66
55 54
6 4
46 45
4 45
32 33
74 73
74 73
94 88
35 34
75 74
2 1
16 49
92 91
75 74
96 95
22 21
67 66
92 91
70 69
2 1
20 49
75 74
44 45
68 54
32 33
95 94
46 45
41 50
46 47
37 38
44 47
55 54
40 41
46 45
96 95
32 33
93 76
81 60
88 64
55 54
70 69
88 64
70 69
75 74
74 73
70 69
84 76
70 69
92 91
41 42
32 33
41 42
40 42
44 45
45 9
32 33
51 50
70 69
70 69
42 43
27 25
46 47
32 33
21 22
46 47
32 33
26 25
82 85
67 66
16 8
32 33
70 69
30 33
25 24
84 76
35 34
83 82
20 21
70 69
55 54
2 34
70 69
70 69
4 49
7 2
41 42
75 74
46 45
46 45
32 33
75 74
49 50
68 54
82 88
49 50
44 45
70 69
22 21
41 42
55 54
16 8
2 1
42 43
44 45
46 45
74 73
30 33
26 24
92 91
45 47
44 47
46 45
27 24
20 21
16 8
78 95
16 8
27 25
28 29
63 62
46 45
47 46
41 40
42 41
51 50
95 94
91 65
8 0
29 30
70 69
96 95
23 22
41 42
45 50
70 69
22 21
23 22
79 78
70 69
84 76
83 82
55 54
32 33
79 78
84 76
75 74
73 72
42 41
79 78
32 33
41 42
91 87
44 45
85 77
52 60
28 29
70 69
7 6
36 0
46 45
22 21
2 1
83 82
70 69
94 60
70 69
62 61
70 69
32 33
70 69
2 1
59 58
18 9
27 24
84 76
32 33
92 91
87 86
44 45
43 47
4 45
32 33
70 69
32 33
70 69
44 45
70 69
16 8
32 33
32 33
55 54
70 69
40 47
55 54
85 60
27 24
88 64
35 34
22 21
29 30
33 34
23 22
70 69
83 82
6 50
90 86
32 33
70 69
46 45
4 22
25 24
53 61
27 24
67 66
82 94
87 86
16 8
52 88
46 47
44 45
33 9
70 69
32 33
70 69
70 69
67 66
86 85
67 66
26 25
46 45
70 69
46 45
83 82
46 47
46 45
16 8
75 74
51 50
32 33
46 45
55 54
45 46
70 69
70 69
78 77
70 69
83 82
36 49
42 41
91 62
46 45
67 66
35 34
32 33
46 45
70 69
40 41
70 69
46 45
44 47
27 24
70 69
70 69
32 33
41 42
16 8
32 33
32 33
32 33
22 21
92 91
75 74
78 77
32 33
26 25
27 24
26 25
32 33
70 69
32 33
26 25
51 50
42 41
26 25
75 74
85 77
73 72
70 69
32 33
28 29
18 1
35 34
32 33
79 78
67 66
83 82
70 69
32 33
55 54
44 45
44 45
75 74
32 33
35 34
26 25
75 74
75 74
78 95
37 38
79 78
44 45
46 45
74 73
7 6
70 69
70 69
54 53
67 66
70 69
27 25
52 60
70 69
55 54
83 82
44 19
34 9
78 95
41 42
6 7
75 74
70 69
32 33
70 69
46 47
46 45
70 69
83 82
46 45
27 25
79 78
70 69
70 69
77 76
70 69
74 73
2 1
44 45
49 50
24 25
70 69
6 4
26 25
70 69
27 26
4 22
2 1
32 33
44 45
44 45
44 47
41 42
3 35
52 60
70 69
37 38
22 21
3 35
35 34
70 69
67 66
32 33
49 45
32 33
30 29
49 50
85 88
20 21
70 69
34 9
32 33
46 45
32 33
44 45
32 33
92 91
41 47
46 45
91 54
32 33
92 91
16 8
75 74
21 22
96 95
26 25
32 33
84 76
83 82
82 81
55 54
70 69
2 1
78 77
35 34
32 33
27 24
83 82
42 43
46 45
32 33
45 46
27 24
38 37
70 69
75 74
83 95
53 61
16 8
32 33
85 77
70 69
70 69
46 45
70 69
75 74
41 42
32 33
40 47
74 73
67 66
32 33
32 33
70 69
70 69
6 5
75 74
70 69
13 14
70 69
78 95
41 42
46 45
32 33
21 22
70 69
22 21
35 34
25 24
63 62
67 66
70 69
44 45
70 69
32 33
96 95
32 33
32 33
22 21
32 33
70 69
53 52
70 69
34 9
13 14
23 22
15 14
70 69
49 1
75 74
1 9
70 69
67 66
47 46
70 69
23 22
95 94
83 82
46 45
36 37
70 69
70 69
55 91
35 34
70 69
44 45
51 50
28 29
21 22
72 73
41 42
32 33
46 45
44 45
42 41
84 76
2 1
41 42
30 29
67 66
27 24
62 61
74 73
76 84
55 54
53 83
14 13
25 24
91 87
82 81
22 21
77 60
70 69
96 95
17 33
4 45
91 65
78 77
32 33
26 25
85 88
53 61
46 45
6 4
16 8
35 34
55 54
70 69
26 25
2 1
55 54
32 33
40 47
31 30
32 33
45 47
40 41
47 45
25 24
70 69
32 33
46 45
77 76
82 88
61 52
35 34
63 62
67 66
25 24
12 13
92 91
32 33
70 69
70 69
32 33
28 29
78 77
16 8
4 45
32 33
79 78
40 41
55 54
16 8
29 30
63 91
70 69
6 1
46 47
32 33
27 24
35 34
70 69
70 69
81 80
46 45
95 94
79 78
75 74
83 82
73 72
67 66
70 69
92 91
16 8
18 1
92 91
77 94
32 33
32 33
75 74
77 60
70 69
70 69
18 1
94 60
83 82
36 49
16 8
51 50
70 69
52 60
26 25
83 82
70 69
46 45
46 45
16 8
70 69
8 28
11 10
32 33
70 69
52 60
79 78
70 69
55 54
32 33
44 47
3 35
67 66
40 47
70 69
34 33
92 91
46 45
44 45
46 45
84 80
70 69
92 91
32 33
27 26
75 74
27 24
75 74
70 69
78 77
77 76
44 47
75 74
70 69
44 45
70 69
72 73
27 25
45 46
54 53
32 33
44 45
20 21
67 66
32 33
44 45
42 43
46 45
75 74
9 33
20 21
70 69
16 8
13 14
74 73
73 72
70 69
6 5
45 47
27 24
70 69
44 45
32 33
70 69
70 69
27 24
23 21
91 87
74 73
67 92
81 64
75 74
83 95
40 42
70 69
67 66
22 21
70 69
42 41
53 61
81 64
94 64
70 69
46 45
70 69
32 33
46 4
46 45
32 33
45 50
0 49
74 73
40 41
75 74
22 21
11 10
2 1
92 91
32 33
75 74
27 24
96 95
46 45
44 45
32 33
82 81
44 45
41 42
70 69
79 78
96 95
36 38
70 69
26 25
18 9
33 34
67 66
83 82
70 69
83 82
46 45
33 34
95 94
35 34
35 34
41 42
40 41
84 80
44 47
28 30
26 25
70 69
32 33
70 69
49 50
96 95
6 7
13 14
22 21
46 45
40 47
44 45
6 7
37 38
63 62
72 73
32 33
42 43
25 24
78 77
96 95
46 45
75 74
26 24
22 21
32 33
91 65
32 33
75 74
70 69
70 69
32 33
32 33
68 65
32 33
46 45
96 95
51 50
32 33
34 9
22 21
54 62
70 69
83 82
34 33
46 45
70 69
67 66
82 81
16 8
70 69
70 69
27 24
7 6
70 69
94 60
32 33
92 91
46 45
63 62
17 33
75 74
70 69
44 45
83 82
75 74
70 69
70 69
92 91
92 91
21 22
79 78
17 37
46 45
29 33
83 82
32 33
40 41
32 33
27 25
67 66
42 41
22 21
44 45
70 69
79 78
70 69
16 8
35 34
83 90
26 25
70 69
67 66
32 33
20 21
4 1
71 57
94 60
70 69
22 21
54 62
55 54
53 52
36 37
32 33
70 69
32 33
2 1
83 82
83 82
70 69
32 33
27 25
70 69
70 69
70 69
4 49
63 62
63 62
83 82
78 77
92 91
42 41
35 34
17 33
67 66
41 42
65 87
78 77
45 47
31 30
30 29
82 94
83 82
75 74
4 1
83 82
70 69
96 95
13 14
18 17
53 61
42 43
70 69
70 69
67 66
90 88
79 78
42 41
35 34
70 69
84 76
32 33
59 58
84 76
65 87
52 60
81 64
82 81
70 69
70 69
74 73
6 1
79 78
82 81
70 69
41 42
70 69
32 33
6 4
37 38
52 60
7 2
70 69
70 69
32 33
44 45
25 24
27 25
2 1
30 29
70 69
87 86
83 82
44 45
55 54
53 61
91 87
53 52
70 69
41 40
79 78
70 69
83 82
92 91
26 25
92 91
96 95
70 69
53 61
46 47
18 17
87 86
18 17
82 81
32 33
92 91
28 29
0 49
41 42
27 25
53 61
83 95
32 33
46 45
82 88
4 50
41 42
70 69
52 60
22 21
17 33
70 69
51 50
71 57
49 50
32 33
96 95
92 91
46 45
70 69
88 64
32 33
41 42
46 45
27 24
49 50
91 87
18 38
70 69
70 69
44 45
2 1
84 76
44 45
92 91
46 45
70 69
27 24
70 69
31 29
75 74
70 69
92 91
44 45
44 47
32 33
70 69
84 80
86 85
85 88
70 69
32 33
6 1
41 42
35 34
42 41
52 60
46 45
70 69
44 45
70 69
92 91
96 95
32 33
46 45
70 69
86 90
45 46
60 76
75 74
94 88
18 1
42 43
46 45
18 34
25 24
16 8
16 8
83 82
83 82
46 45
70 69
55 54
74 73
7 6
70 69
4 1
46 45
92 91
32 33
55 54
70 69
70 69
28 32
70 69
7 6
6 50
70 69
74 73
78 95
74 73
75 74
47 46
36 0
70 69
44 46
82 95
45 47
75 74
74 73
70 69
32 33
41 42
45 46
70 69
70 69
22 21
44 45
70 69
79 78
70 69
13 14
32 33
4 22
22 21
25 24
51 49
26 25
54 53
70 69
94 60
46 45
22 21
46 45
7 6
52 60
17 49
32 33
95 94
5 1
49 50
41 42
32 33
49 50
70 69
25 24
31 30
32 33
92 91
32 33
75 74
92 91
27 24
70 69
23 22
46 45
74 73
17 33
70 69
91 65
70 69
2 1
70 69
67 92
2 1
67 66
75 74
44 46
32 33
74 73
26 24
44 47
9 1
70 69
4 22
46 45
46 45
70 69
42 41
70 69
94 88
26 25
32 33
2 1
67 66
84 80
41 42
2 1
84 76
91 65
70 69
70 69
32 33
45 47
29 30
75 74
52 60
32 33
32 33
44 45
70 69
79 78
30 29
70 69
88 60
84 80
75 74
35 34
46 47
21 9
70 69
67 66
46 45
2 1
70 69
82 94
32 33
53 61
70 69
92 91
70 69
6 5
22 21
87 86
55 54
73 72
85 88
70 69
44 45
44 45
70 69
92 91
70 69
24 25
40 42
9 34
46 45
32 33
70 69
49 45
32 33
25 24
28 30
16 8
75 74
32 33
67 66
32 33
70 69
53 61
67 66
83 82
87 86
32 33
66 65
67 66
26 25
70 69
70 69
32 33
25 24
16 8
70 69
32 33
82 94
42 41
32 33
26 25
85 77
28 32
35 34
49 50
44 45
70 69
92 91
17 33
75 74
16 8
70 69
70 69
70 69
7 6
40 47
44 45
85 88
32 33
46 45
70 69
85 60
41 42
41 42
32 33
44 47
70 69
67 66
75 74
78 77
78 77
35 34
82 94
75 74
27 24
88 60
44 45
70 69
22 21
6 50
44 47
70 69
74 73
21 1
35 34
79 78
70 69
96 95
70 69
45 46
67 66
74 73
70 69
25 24
32 33
75 74
70 69
53 61
25 24
90 78
92 91
70 69
84 76
22 21
32 33
1 9
35 34
92 91
85 77
70 69
70 69
33 34
70 69
7 1
92 91
44 45
40 41
70 69
13 14
67 66
25 26
70 69
56 66
44 45
32 33
41 42
83 82
46 45
28 29
32 33
70 69
32 33
88 60
70 69
70 69
70 69
83 82
46 45
12 13
17 9
45 46
4 45
27 24
36 0
16 8
70 69
46 45
67 66
46 45
70 69
79 78
73 72
75 74
75 74
32 33
91 87
70 69
32 33
75 74
70 69
75 74
70 69
70 69
35 34
75 74
34 9
52 60
85 88
70 69
95 94
70 69
70 69
42 43
6 1
84 76
88 64
46 45
92 91
43 42
74 73
6 4
70 69
46 45
49 50
62 61
40 42
70 69
92 91
82 81
70 69
95 94
70 69
70 69
46 45
85 88
32 33
45 46
75 74
35 34
43 42
75 74
46 45
9 33
20 21
46 45
27 25
45 50
11 10
32 33
85 88
29 30
44 46
32 33
46 45
26 25
46 45
70 69
52 60
46 45
32 33
70 69
88 64
70 69
67 66
41 42
70 69
82 81
70 69
70 69
52 60
70 69
83 82
2 1
44 45
35 34
52 60
22 21
92 91
11 10
92 91
83 82
44 45
35 34
77 81
32 33
82 81
60 84
55 54
2 1
54 65
51 50
44 47
93 76
84 76
27 24
30 29
46 45
83 82
32 33
74 73
46 45
70 69
32 33
22 21
82 81
17 33
46 45
32 33
75 74
75 74
45 46
46 45
70 69
25 24
36 29
75 74
16 8
16 8
76 84
16 8
16 8
55 54
92 91
75 74
95 94
6 9
81 60
37 38
23 22
41 42
92 91
17 49
55 54
6 4
70 69
32 33
32 33
70 69
46 45
40 41
26 25
73 72
32 33
70 69
49 50
88 64
52 60
70 69
47 46
47 46
12 13
16 8
4 45
46 45
70 69
36 37
91 65
83 82
44 45
92 66
44 46
83 82
93 64
46 45
84 80
83 82
32 33
16 8
25 24
27 24
70 69
49 50
23 22
44 46
41 42
70 69
70 69
7 6
84 80
70 69
27 24
25 24
41 42
70 69
70 69
53 8
44 45
87 86
83 82
75 74
73 72
2 1
35 34
91 87
70 69
91 87
36 38
75 74
82 88
70 69
4 50
66 65
55 54
44 45
70 69
70 69
55 54
46 45
70 69
2 1
44 45
32 33
21 22
41 42
23 22
20 21
21 22
44 45
22 21
42 43
16 8
46 45
29 30
42 43
46 47
53 95
79 78
46 47
2 1
78 77
27 24
88 60
44 45
32 33
41 42
41 42
18 4
75 74
70 69
32 33
70 69
83 82
7 6
70 69
70 69
45 50
32 33
78 77
53 61
16 8
70 69
49 50
75 74
67 66
46 45
45 46
45 46
32 33
27 24
49 50
52 60
83 82
32 33
46 45
48 8
32 33
6 7
44 45
4 1
46 45
6 5
70 69
26 25
32 33
41 42
25 24
78 77
6 5
44 21
27 24
7 6
32 33
47 46
42 41
32 33
70 69
13 14
2 1
33 34
16 8
70 69
44 45
32 33
46 45
45 46
27 24
70 69
70 69
44 45
26 25
32 33
2 34
20 21
17 33
26 25
83 82
62 61
2 1
70 69
70 69
39 33
6 1
70 69
92 91
83 82
35 34
23 22
85 88
51 50
78 95
22 21
17 33
70 69
78 77
25 24
46 45
44 45
35 34
94 88
70 69
79 78
83 82
32 33
28 30
26 25
89 74
46 45
46 45
49 1
83 82
70 69
70 69
75 74
37 38
83 82
70 69
70 69
2 1
75 74
16 8
20 21
83 82
52 60
16 8
32 33
42 41
25 24
7 6
75 74
46 45
32 33
70 69
25 24
68 54
83 82
84 76
70 69
75 74
19 18
39 34
46 45
70 69
31 29
40 42
35 34
70 69
46 45
32 33
63 62
32 33
70 69
70 69
70 69
45 50
70 69
22 21
70 69
44 45
27 24
67 66
26 25
70 69
35 34
32 33
70 69
75 74
70 69
2 1
79 78
84 80
20 21
70 69
84 76
32 33
27 24
75 74
53 61
40 42
70 69
22 21
34 33
70 71
70 69
22 21
15 14
68 65
84 76
2 1
70 69
79 78
75 74
67 66
41 42
16 8
62 61
75 74
44 45
88 64
41 50
70 69
45 46
81 60
96 95
53 61
35 34
47 46
70 69
70 69
70 69
40 41
53 61
32 33
77 60
2 1
70 69
86 90
49 45
22 21
92 91
44 45
65 91
26 25
16 8
83 82
46 45
67 66
44 45
49 50
75 74
70 69
74 73
22 21
2 1
70 69
46 45
3 35
46 47
40 41
27 24
2 1
73 72
17 33
41 40
83 82
55 54
83 82
46 45
46 45
73 72
83 82
32 33
68 65
74 73
78 77
75 74
70 69
26 25
70 69
37 38
70 69
70 69
92 91
70 69
83 82
13 14
27 25
85 94
22 21
32 33
27 25
22 21
70 69
22 21
70 69
85 60
32 33
88 60
6 50
44 45
83 82
12 13
22 21
47 46
70 69
46 45
83 82
70 69
70 69
12 13
70 69
27 24
70 69
27 24
70 69
2 1
32 33
83 82
70 69
83 82
16 8
44 45
17 33
22 23
75 74
4 50
70 69
32 33
32 33
4 1
1 9
16 8
16 8
49 50
70 69
36 37
95 94
32 33
96 95
27 24
26 25
70 69
67 66
12 13
91 87
74 73
70 69
46 45
88 64
17 37
35 34
70 69
73 72
92 91
4 6
75 74
27 24
26 25
51 45
25 24
95 94
70 69
70 69
35 34
92 91
55 54
32 33
32 33
84 80
70 69
44 47
46 45
22 21
32 33
46 45
16 8
46 45
26 25
46 45
70 69
91 87
32 33
44 45
32 33
32 33
32 33
70 69
70 69
92 91
25 24
32 33
83 82
86 90
75 74
44 4
32 33
22 21
70 69
70 69
16 8
67 66
70 69
79 78
70 69
52 60
32 33
44 45
55 54
32 33
77 81
67 66
70 69
70 69
83 82
70 69
83 82
44 45
68 54
67 66
32 33
22 21
83 82
51 50
37 38
18 1
35 34
70 69
91 65
27 24
44 51
32 33
83 82
44 45
26 24
82 85
21 22
70 69
44 45
15 14
54 53
70 69
70 69
74 73
67 66
70 69
49 9
70 69
70 69
74 73
77 94
75 74
36 49
75 74
46 45
13 14
32 33
44 46
20 49
51 50
46 45
32 33
83 95
70 69
46 45
70 69
46 45
75 74
70 69
63 62
6 5
23 22
70 69
46 45
41 50
96 95
32 33
32 33
67 66
73 72
70 69
52 60
2 1
75 74
41 40
86 95
32 33
47 46
6 1
16 48
83 82
55 54
70 69
46 45
45 46
18 21
91 87
78 77
94 60
85 77
70 69
32 33
35 34
42 43
70 69
43 42
47 47
